[RobotSettings]
filter = 3
coord_div = 9000
speed = 1

[RobotCoordinates]
x = 0.3019515255293233
y = 0.1599993783997426
z = 0.8228985757516804
qx = 8.248097542028942e-07
qy = 0.9999999850947578
qz = 8.10750654061139e-08
qw = -0.0001726551394215513

[RobotCoordinates1]
x = 0.2371086382243576
y = -0.2567750769534797
z = 0.8014315096307507
qx = -2.081697170406317e-08
qy = 0.9999999998996681
qz = 1.040206441884977e-05
qw = -9.615632421534328e-06

[RobotCoordinates2]
x = 0.23710863823390266
y = -0.2567750773953772
z = 0.8014315097022339
qx = -2.398570853286596e-08
qy = 0.9999999998996719
qz = 1.0399976155145422e-05
qw = -9.61748556602471e-06

